100 1947
1 3
1 5
1 7
1 8
1 9
1 10
1 11
1 12
1 15
1 17
1 19
1 20
1 21
1 29
1 30
1 32
1 34
1 35
1 39
1 40
1 41
1 42
1 43
1 47
1 50
1 51
1 54
1 55
1 57
1 58
1 63
1 65
1 66
1 68
1 70
1 73
1 75
1 76
1 77
1 78
1 82
1 84
1 88
1 89
1 94
1 95
2 3
2 4
2 6
2 7
2 11
2 12
2 13
2 15
2 19
2 20
2 21
2 27
2 28
2 30
2 34
2 36
2 37
2 38
2 44
2 48
2 49
2 52
2 57
2 61
2 62
2 63
2 65
2 66
2 67
2 75
2 76
2 78
2 84
2 88
2 92
2 94
2 97
2 100
3 5
3 7
3 14
3 16
3 21
3 24
3 27
3 31
3 33
3 34
3 37
3 38
3 40
3 41
3 47
3 49
3 56
3 57
3 61
3 64
3 66
3 72
3 74
3 75
3 76
3 83
3 84
3 85
3 88
3 96
4 7
4 8
4 11
4 12
4 13
4 14
4 16
4 17
4 19
4 22
4 32
4 34
4 37
4 38
4 39
4 45
4 53
4 59
4 62
4 63
4 66
4 70
4 72
4 73
4 74
4 77
4 82
4 83
4 87
4 90
4 92
4 95
4 99
4 100
5 6
5 8
5 9
5 11
5 15
5 16
5 17
5 18
5 22
5 24
5 25
5 26
5 27
5 30
5 31
5 33
5 34
5 36
5 43
5 44
5 50
5 51
5 52
5 53
5 60
5 62
5 65
5 69
5 71
5 73
5 74
5 79
5 80
5 83
5 84
5 87
5 90
5 97
5 99
6 7
6 9
6 11
6 12
6 14
6 15
6 16
6 18
6 19
6 22
6 27
6 30
6 33
6 36
6 37
6 38
6 39
6 40
6 41
6 42
6 43
6 44
6 46
6 50
6 51
6 52
6 53
6 54
6 55
6 56
6 57
6 59
6 62
6 63
6 64
6 66
6 71
6 76
6 77
6 81
6 86
6 88
6 89
6 97
7 12
7 13
7 15
7 17
7 19
7 20
7 22
7 24
7 25
7 27
7 28
7 33
7 34
7 36
7 38
7 39
7 42
7 52
7 62
7 64
7 71
7 73
7 75
7 78
7 79
7 80
7 85
7 86
7 87
7 88
7 94
7 95
7 97
7 98
7 99
8 9
8 12
8 15
8 18
8 20
8 22
8 23
8 27
8 32
8 33
8 34
8 35
8 38
8 40
8 42
8 44
8 47
8 49
8 53
8 58
8 60
8 70
8 71
8 72
8 73
8 78
8 79
8 82
8 83
8 87
8 89
8 90
8 92
8 95
8 96
8 97
8 99
8 100
9 18
9 24
9 25
9 29
9 37
9 40
9 42
9 43
9 45
9 47
9 48
9 51
9 52
9 54
9 56
9 57
9 59
9 61
9 63
9 65
9 66
9 67
9 71
9 74
9 76
9 77
9 78
9 81
9 84
9 86
9 87
9 93
9 97
10 12
10 13
10 16
10 17
10 21
10 23
10 26
10 27
10 29
10 31
10 35
10 37
10 40
10 41
10 42
10 44
10 47
10 52
10 55
10 56
10 57
10 62
10 64
10 65
10 68
10 69
10 70
10 72
10 73
10 74
10 76
10 80
10 81
10 82
10 84
10 88
10 89
10 92
10 93
10 97
10 100
11 16
11 17
11 24
11 29
11 31
11 40
11 41
11 42
11 46
11 47
11 50
11 51
11 57
11 65
11 69
11 70
11 74
11 77
11 79
11 82
11 85
11 86
11 87
11 88
11 90
11 93
11 94
11 95
11 99
12 13
12 18
12 19
12 20
12 25
12 27
12 33
12 34
12 35
12 38
12 43
12 55
12 61
12 62
12 63
12 65
12 66
12 72
12 73
12 74
12 75
12 76
12 80
12 81
12 87
12 91
12 92
12 94
12 95
12 98
13 15
13 19
13 21
13 22
13 24
13 27
13 28
13 29
13 31
13 37
13 38
13 40
13 41
13 43
13 46
13 47
13 50
13 51
13 52
13 53
13 56
13 57
13 61
13 66
13 67
13 69
13 70
13 72
13 74
13 75
13 78
13 79
13 81
13 83
13 84
13 87
13 88
13 89
13 90
13 93
13 94
13 96
13 97
13 98
13 100
14 16
14 17
14 19
14 21
14 22
14 23
14 25
14 27
14 28
14 30
14 33
14 34
14 35
14 40
14 41
14 42
14 44
14 45
14 49
14 52
14 60
14 63
14 70
14 73
14 74
14 75
14 80
14 81
14 82
14 84
14 85
14 87
14 89
14 91
14 98
15 17
15 18
15 19
15 24
15 26
15 27
15 30
15 32
15 36
15 37
15 43
15 44
15 45
15 49
15 52
15 53
15 54
15 58
15 59
15 60
15 62
15 63
15 71
15 74
15 77
15 79
15 80
15 81
15 82
15 84
15 88
15 90
15 97
16 19
16 20
16 25
16 28
16 29
16 30
16 33
16 34
16 37
16 38
16 41
16 44
16 46
16 47
16 53
16 54
16 57
16 61
16 62
16 63
16 65
16 71
16 74
16 77
16 78
16 79
16 80
16 82
16 85
16 89
16 90
16 91
16 93
16 95
16 96
16 97
16 99
17 18
17 20
17 22
17 28
17 30
17 36
17 38
17 40
17 44
17 46
17 48
17 49
17 50
17 56
17 62
17 64
17 70
17 76
17 77
17 78
17 81
17 82
17 83
17 84
17 85
17 86
17 87
17 88
17 93
17 95
17 99
17 100
18 20
18 21
18 23
18 28
18 34
18 35
18 36
18 37
18 39
18 40
18 42
18 44
18 45
18 46
18 48
18 50
18 53
18 54
18 56
18 57
18 58
18 60
18 61
18 63
18 66
18 67
18 68
18 74
18 79
18 83
18 84
18 86
18 87
18 89
18 92
18 99
18 100
19 20
19 29
19 30
19 31
19 32
19 37
19 38
19 39
19 43
19 45
19 46
19 47
19 50
19 52
19 56
19 60
19 61
19 63
19 64
19 66
19 67
19 70
19 72
19 74
19 76
19 78
19 82
19 84
19 88
19 92
19 93
19 94
19 95
19 96
19 97
19 99
20 23
20 25
20 28
20 29
20 30
20 31
20 32
20 35
20 39
20 41
20 46
20 50
20 51
20 53
20 54
20 56
20 60
20 68
20 69
20 72
20 73
20 76
20 78
20 80
20 81
20 85
20 87
20 88
20 89
20 93
20 95
21 22
21 23
21 24
21 29
21 31
21 32
21 34
21 36
21 38
21 41
21 43
21 48
21 50
21 53
21 54
21 57
21 60
21 63
21 64
21 67
21 69
21 71
21 72
21 73
21 74
21 75
21 77
21 81
21 88
21 90
21 93
21 97
21 98
21 99
22 23
22 25
22 26
22 27
22 28
22 29
22 30
22 31
22 36
22 37
22 40
22 42
22 44
22 45
22 47
22 51
22 53
22 55
22 57
22 61
22 62
22 66
22 71
22 73
22 74
22 75
22 77
22 80
22 81
22 82
22 85
22 86
22 89
22 91
22 92
22 93
22 94
22 95
22 97
22 100
23 26
23 31
23 32
23 34
23 36
23 42
23 46
23 49
23 51
23 52
23 53
23 54
23 60
23 64
23 66
23 68
23 70
23 71
23 72
23 79
23 80
23 82
23 83
23 89
23 94
23 97
23 98
24 25
24 28
24 34
24 36
24 45
24 46
24 48
24 51
24 54
24 58
24 59
24 62
24 64
24 65
24 69
24 74
24 76
24 79
24 81
24 82
24 83
24 97
24 98
24 100
25 29
25 30
25 33
25 38
25 40
25 44
25 45
25 46
25 47
25 51
25 52
25 53
25 56
25 57
25 58
25 59
25 66
25 71
25 72
25 86
25 90
25 91
25 93
25 98
25 99
25 100
26 32
26 34
26 35
26 36
26 39
26 40
26 41
26 42
26 43
26 44
26 45
26 48
26 49
26 52
26 54
26 57
26 60
26 66
26 69
26 75
26 81
26 83
26 85
26 88
26 90
26 91
26 93
26 95
26 99
26 100
27 30
27 31
27 32
27 34
27 36
27 37
27 39
27 41
27 42
27 46
27 47
27 56
27 57
27 58
27 59
27 64
27 71
27 75
27 79
27 83
27 85
27 86
27 92
27 95
27 96
28 29
28 31
28 32
28 34
28 38
28 41
28 43
28 44
28 45
28 49
28 71
28 72
28 75
28 78
28 81
28 82
28 83
28 85
28 86
28 90
28 92
28 93
28 95
28 96
28 99
29 31
29 32
29 33
29 36
29 37
29 38
29 40
29 43
29 45
29 47
29 51
29 56
29 58
29 60
29 63
29 65
29 71
29 73
29 74
29 79
29 84
29 88
29 89
29 90
29 91
29 92
29 93
29 95
29 99
30 32
30 34
30 36
30 38
30 40
30 42
30 43
30 46
30 47
30 53
30 55
30 60
30 62
30 63
30 64
30 65
30 66
30 68
30 70
30 71
30 73
30 74
30 78
30 80
30 81
30 83
30 88
30 89
30 92
30 94
30 95
30 97
30 100
31 33
31 34
31 40
31 41
31 42
31 43
31 48
31 49
31 56
31 57
31 64
31 66
31 68
31 70
31 71
31 74
31 75
31 76
31 81
31 84
31 86
31 87
31 90
31 91
31 92
31 93
31 96
31 97
32 36
32 37
32 39
32 40
32 41
32 46
32 50
32 51
32 59
32 61
32 64
32 66
32 67
32 71
32 74
32 76
32 77
32 79
32 80
32 82
32 85
32 91
32 92
32 94
32 95
32 100
33 37
33 43
33 47
33 48
33 49
33 50
33 52
33 54
33 57
33 59
33 60
33 61
33 67
33 68
33 71
33 74
33 76
33 79
33 80
33 87
33 88
33 89
33 90
33 92
33 94
33 95
33 96
33 99
34 35
34 36
34 39
34 45
34 46
34 50
34 52
34 54
34 55
34 56
34 57
34 61
34 63
34 65
34 66
34 67
34 71
34 72
34 73
34 81
34 84
34 85
34 86
34 87
34 90
34 93
34 100
35 37
35 38
35 41
35 43
35 45
35 46
35 47
35 48
35 50
35 51
35 53
35 54
35 56
35 59
35 60
35 61
35 62
35 64
35 68
35 70
35 71
35 74
35 75
35 77
35 79
35 82
35 84
35 88
35 89
35 93
35 95
35 97
36 38
36 40
36 48
36 49
36 58
36 59
36 60
36 61
36 64
36 65
36 66
36 70
36 72
36 76
36 78
36 82
36 83
36 84
36 87
36 91
36 94
36 95
36 97
37 41
37 42
37 43
37 44
37 45
37 47
37 49
37 50
37 53
37 56
37 62
37 70
37 73
37 75
37 80
37 81
37 82
37 83
37 84
37 88
37 91
37 99
38 39
38 43
38 48
38 49
38 60
38 62
38 63
38 66
38 67
38 68
38 70
38 89
38 90
38 94
38 95
38 98
38 100
39 40
39 41
39 43
39 44
39 45
39 58
39 59
39 63
39 64
39 67
39 70
39 71
39 74
39 75
39 77
39 79
39 80
39 88
39 89
39 90
39 92
39 94
39 97
39 98
39 99
39 100
40 41
40 43
40 47
40 50
40 55
40 63
40 69
40 72
40 74
40 76
40 78
40 80
40 83
40 87
40 88
40 90
40 91
40 92
40 93
40 94
40 95
40 96
40 100
41 47
41 49
41 57
41 59
41 60
41 62
41 65
41 67
41 70
41 77
41 78
41 79
41 81
41 83
41 85
41 86
41 87
41 88
41 89
41 91
41 93
41 96
41 97
41 98
41 99
41 100
42 43
42 50
42 53
42 56
42 60
42 62
42 63
42 65
42 72
42 73
42 75
42 77
42 80
42 86
42 91
42 92
42 93
42 97
42 98
43 44
43 48
43 50
43 53
43 55
43 57
43 58
43 60
43 61
43 68
43 73
43 79
43 86
43 87
43 94
43 95
43 97
43 98
43 99
43 100
44 49
44 52
44 53
44 55
44 56
44 60
44 64
44 66
44 69
44 72
44 73
44 78
44 82
44 84
44 87
44 89
45 46
45 47
45 48
45 49
45 50
45 52
45 60
45 64
45 65
45 71
45 79
45 80
45 86
45 87
45 91
45 92
45 94
45 97
45 98
45 100
46 49
46 50
46 51
46 52
46 55
46 56
46 58
46 60
46 61
46 64
46 67
46 68
46 74
46 75
46 77
46 78
46 81
46 84
46 85
46 87
46 88
46 90
46 92
46 93
46 94
46 100
47 48
47 52
47 55
47 57
47 65
47 66
47 67
47 73
47 78
47 79
47 80
47 82
47 89
47 91
47 95
47 96
47 98
48 52
48 53
48 56
48 58
48 60
48 64
48 68
48 70
48 71
48 74
48 76
48 79
48 84
48 90
48 91
48 92
48 93
48 97
49 52
49 54
49 56
49 60
49 63
49 67
49 68
49 75
49 76
49 78
49 82
49 87
49 89
49 93
49 94
49 96
49 99
50 51
50 52
50 57
50 60
50 62
50 67
50 72
50 73
50 74
50 75
50 76
50 77
50 78
50 79
50 81
50 82
50 86
50 91
50 93
50 94
50 98
51 53
51 54
51 55
51 61
51 67
51 70
51 71
51 73
51 74
51 76
51 77
51 83
51 86
51 87
51 89
51 91
51 94
51 99
52 53
52 54
52 57
52 59
52 60
52 62
52 64
52 65
52 66
52 67
52 71
52 73
52 75
52 78
52 84
52 91
52 94
52 96
52 97
52 98
52 99
53 54
53 55
53 62
53 64
53 65
53 67
53 68
53 69
53 71
53 74
53 76
53 78
53 88
53 93
53 94
53 95
53 96
53 97
53 98
53 100
54 55
54 60
54 65
54 68
54 73
54 75
54 77
54 80
54 83
54 84
54 88
54 90
54 93
54 98
55 57
55 64
55 66
55 67
55 68
55 70
55 71
55 73
55 76
55 77
55 79
55 81
55 82
55 85
55 86
55 91
55 92
55 93
55 94
55 95
55 97
56 59
56 61
56 62
56 63
56 64
56 65
56 66
56 69
56 71
56 73
56 76
56 80
56 84
56 86
56 88
56 90
56 92
56 95
56 100
57 61
57 63
57 71
57 74
57 77
57 82
57 83
57 84
57 87
57 88
57 91
57 93
57 94
57 95
57 96
57 98
58 59
58 61
58 65
58 72
58 73
58 74
58 75
58 78
58 81
58 82
58 83
58 84
58 86
58 87
58 88
58 89
58 90
58 97
59 61
59 63
59 65
59 66
59 68
59 70
59 71
59 72
59 75
59 77
59 80
59 84
59 86
59 88
59 92
59 95
59 98
59 99
59 100
60 61
60 65
60 66
60 69
60 70
60 71
60 72
60 74
60 76
60 77
60 80
60 88
60 89
60 91
60 97
60 98
60 99
61 63
61 64
61 70
61 71
61 75
61 77
61 91
61 92
61 93
61 94
61 95
61 98
62 64
62 65
62 70
62 71
62 74
62 78
62 82
62 83
62 90
62 91
62 94
62 96
62 97
62 99
62 100
63 67
63 69
63 76
63 77
63 79
63 80
63 81
63 84
63 91
63 92
63 93
63 95
63 97
63 98
64 67
64 71
64 72
64 75
64 76
64 77
64 78
64 81
64 84
64 85
64 86
64 88
64 89
64 97
64 98
64 99
65 66
65 67
65 72
65 73
65 79
65 82
65 84
65 85
65 89
65 97
65 98
65 100
66 67
66 69
66 70
66 73
66 74
66 75
66 77
66 79
66 80
66 83
66 84
66 85
66 90
66 93
66 94
66 95
66 97
66 100
67 68
67 70
67 76
67 78
67 79
67 85
67 87
67 88
67 94
67 95
67 99
68 69
68 70
68 71
68 73
68 75
68 76
68 80
68 86
68 88
68 89
68 92
68 94
68 95
68 96
69 70
69 71
69 72
69 74
69 75
69 77
69 80
69 83
69 85
69 87
69 92
69 93
69 96
69 97
69 99
70 72
70 79
70 80
70 81
70 82
70 83
70 84
70 88
70 89
70 90
70 91
70 92
70 96
70 100
71 73
71 74
71 77
71 79
71 81
71 87
71 89
71 92
71 93
71 95
71 98
71 100
72 73
72 77
72 78
72 81
72 82
72 83
72 91
72 94
72 95
72 96
72 97
72 98
72 99
72 100
73 77
73 78
73 79
73 81
73 82
73 90
73 94
73 97
73 99
74 78
74 79
74 89
74 91
74 92
74 98
74 99
75 80
75 81
75 82
75 85
75 88
75 89
75 97
75 98
76 77
76 79
76 80
76 81
76 82
76 83
76 86
76 89
76 91
76 92
76 93
76 98
77 84
77 85
77 86
77 88
77 90
77 91
77 94
77 97
77 100
78 81
78 82
78 83
78 84
78 86
78 89
78 96
78 97
79 82
79 83
79 86
79 87
79 88
79 91
79 92
79 93
79 94
79 98
79 99
80 86
80 87
80 90
80 91
80 92
80 96
80 100
81 87
81 88
81 89
81 93
81 97
81 98
81 99
82 85
82 91
82 95
82 99
83 85
83 88
83 89
83 92
83 96
84 85
84 88
84 91
84 92
84 93
84 95
84 96
84 99
84 100
85 87
85 94
85 97
85 99
86 87
86 91
86 92
87 93
87 96
88 89
88 90
88 94
88 98
90 91
90 97
90 99
90 100
91 94
91 95
91 99
92 93
92 94
92 97
92 99
93 95
93 99
95 100
96 97
96 98
96 99
97 98
97 99
98 99
1 100
